<?xml version="1.0" encoding="UTF-8" standalone="no"?>
<!DOCTYPE svg PUBLIC "-//W3C//DTD SVG 20010904//EN"
              "http://www.w3.org/TR/2001/REC-SVG-20010904/DTD/svg10.dtd">

<svg xmlns="http://www.w3.org/2000/svg"
     width="2.77778in" height="4.18889in"
     viewBox="0 0 250 377">
  <path id="Imported Path"
        fill="none" stroke="black" stroke-width="1"
        d="M 169.31,294.53
           C 159.54,281.46 132.09,214.09 124.91,185.74
             123.25,179.11 120.49,172.85 118.83,171.75
             113.49,168.44 100.59,199.54 86.40,249.43
             71.85,300.79 62.45,313.49 50.85,298.03
             46.98,292.87 44.58,279.25 44.58,263.24
             44.58,248.69 41.45,205.62 37.95,167.33
             34.45,129.04 31.50,84.68 31.50,68.85
             31.50,42.71 32.42,39.76 41.08,37.55
             46.43,36.08 51.40,35.53 52.32,36.45
             53.24,37.37 55.64,68.11 57.85,104.93
             60.06,141.74 63.38,180.03 65.22,190.34
             65.22,190.34 68.53,208.93 68.53,208.93
             68.53,208.93 88.06,164.94 88.06,164.94
             98.75,140.82 110.35,118.92 113.49,116.16
             123.62,107.69 133.01,118.55 141.49,148.19
             155.86,198.26 176.49,252.56 179.62,249.06
             181.28,247.22 186.07,209.30 190.13,165.12
             200.26,54.49 207.07,25.96 223.10,25.96
             235.08,25.96 237.66,34.61 231.95,54.86
             228.45,67.19 205.60,272.07 205.60,292.14
             205.60,297.29 192.15,308.71 185.89,308.71
             182.57,308.71 175.20,302.26 169.31,294.53
             169.31,294.53 169.31,294.53 169.31,294.53 Z" />
</svg>
